-0.371706 0.110748 -0.176906
-0.006715 1.511807 -0.363232
-0.402065 -0.069616 -2.000812
-0.566158 -0.516652 -1.574140
1.282644 1.245049 0.479260
0.587124 0.176372 0.796187
-0.391323 -1.429290 -1.639033
0.552507 0.374114 -1.250807
1.711047 -0.089849 -0.353962
0.743649 0.179789 -0.738649
0.769039 -0.857666 0.274725
-2.013296 -2.177102 1.916872
-0.871669 -2.234570 -0.616522
-0.809159 1.315414 0.108809
0.467482 0.887148 0.943644
-0.839217 -1.182606 0.544490
0.323590 -0.612170 0.045422
1.101238 -1.148774 -1.991192
-0.269961 0.491339 0.696883
0.135896 -1.341565 0.570008
1.277508 2.182043 1.304957
-1.198590 0.940111 -0.051702
-0.925564 0.202322 0.653490
-1.131897 1.324602 -0.050032
-0.267745 0.192043 -1.247242
-0.414160 -1.362861 -1.488746
-1.076820 -1.402576 -0.345640
1.809539 -1.605457 0.108898
-0.334803 0.067427 -1.273106
1.173474 -0.062121 -1.729632
-0.313152 0.766370 0.011395
-1.209817 0.757116 0.253830
-2.176318 -0.291970 0.203516
-0.072620 -1.494630 -0.213389
-0.513246 -0.071030 0.552024
-0.795797 0.513354 1.180604
1.178813 -0.437169 0.550403
-1.158826 -0.339559 1.047462
-0.459554 -1.097753 1.039874
0.441308 0.531578 0.936584
1.415081 -0.044900 -0.047482
-0.193483 -0.045866 0.461666
0.239235 -0.886782 0.518975
0.227725 -0.504642 0.007803
-0.406765 0.444792 -0.255424
0.864560 -1.066410 0.452393
0.560944 1.031505 -1.727571
0.238140 0.838460 1.168807
-0.321592 0.814530 -0.202926
0.978276 -0.920478 -0.796274
1.447617 0.094373 0.397044
-0.083916 -0.768085 -0.364530
1.443032 -0.431342 0.724734
1.637971 -0.756817 -0.821326
0.167655 1.432549 1.653055
-0.219286 -1.276954 0.919167
-3.257987 -1.483352 -1.927559
-0.610180 0.119121 -0.050899
1.249645 -1.239666 0.357024
-0.090118 -0.487738 -0.783359
0.801190 0.701279 -1.094397
-0.332226 -0.819128 0.592832
0.873069 -0.844011 0.949112
-0.343299 0.251630 -0.180378
-0.611075 1.214502 -0.676425
-1.361580 0.683755 0.811413
2.731343 -1.303746 -0.758146
-0.408859 -0.511119 1.055078
0.093259 -1.130560 0.777449
-0.713718 -0.602426 -1.348653
0.601905 2.126869 -0.103278
-1.497754 -0.749885 -0.173345
0.684764 0.975139 2.456480
-0.774095 -1.034595 -1.212924
-0.099617 -0.532425 -1.412381
1.501010 -1.574660 -1.103583
0.416525 0.002155 2.159635
0.002838 -1.588296 -0.460424
-2.068726 0.313590 -0.890081
-0.719966 0.032018 -0.628290
-0.377681 -1.827076 1.028412
-0.503007 1.273489 1.922350
0.384053 -0.164630 -1.015123
-1.489228 -0.171597 -0.232272
-0.234684 1.421406 -0.426796
-1.763731 0.121646 0.965661
0.111626 -0.399595 0.779541
-1.336316 -1.330043 0.474328
0.722974 0.313184 -1.040389
-0.452749 -1.826441 -0.475313
-1.604816 -0.043880 -0.982275
-0.247139 0.093952 -0.442924
0.992466 1.752614 0.420023
-0.181205 -0.041654 -1.360189
0.775247 0.059099 -0.704360
0.738268 -0.094313 -2.178389
-0.566401 -1.125368 -0.586810
1.589655 0.528101 -0.745660
0.048580 1.636947 -0.289641
0.343673 -0.815914 0.337097
